Using port 29529
gps: 0
****** Using a predefined evaluation index... data_splits/airvln_16/test/navigation_eval.pkl******
loading
Setting up [LPIPS] perceptual loss: trunk [alex], v[0.1], spatial [off]
Loading model from: /data1/tpz/anaconda3/envs/nwm3/lib/python3.10/site-packages/lpips/weights/v0.1/alex.pth
5
pred_actions tensor([[[ 3.3000,  0.0000,  0.0000],
         [ 6.6000,  0.0000,  0.0000],
         [ 9.9000,  0.0000,  0.0000],
         [13.2000,  0.0000,  0.0000],
         [16.5000,  0.0000,  0.0000],
         [19.8000,  0.0000,  0.0000],
         [23.1000,  0.0000,  0.0000],
         [26.4000,  0.0000,  0.0000]],

        [[ 3.3000,  0.0000,  0.0000],
         [ 3.3000,  0.0000,  2.0000],
         [ 6.6000,  0.0000,  2.0000],
         [ 6.6000,  0.0000,  4.0000],
         [ 9.9000,  0.0000,  4.0000],
         [ 9.9000,  0.0000,  6.0000],
         [13.2000,  0.0000,  6.0000],
         [13.2000,  0.0000,  8.0000]],

        [[ 3.3000,  0.0000,  0.0000],
         [ 3.3000,  0.0000, -2.0000],
         [ 6.6000,  0.0000, -2.0000],
         [ 6.6000,  0.0000, -4.0000],
         [ 9.9000,  0.0000, -4.0000],
         [ 9.9000,  0.0000, -6.0000],
         [13.2000,  0.0000, -6.0000],
         [13.2000,  0.0000, -8.0000]],

        [[ 3.3000,  0.0000,  0.0000],
         [ 3.3000,  0.0000,  0.0000],
         [ 6.4876,  0.8541,  0.0000],
         [ 6.4876,  0.8541,  0.0000],
         [ 9.3454,  2.5041,  0.0000],
         [ 9.3454,  2.5041,  0.0000],
         [11.6789,  4.8376,  0.0000],
         [11.6789,  4.8376,  0.0000]],

        [[ 3.3000,  0.0000,  0.0000],
         [ 3.3000,  0.0000,  0.0000],
         [ 6.4876, -0.8541,  0.0000],
         [ 6.4876, -0.8541,  0.0000],
         [ 9.3454, -2.5041,  0.0000],
         [ 9.3454, -2.5041,  0.0000],
         [11.6789, -4.8376,  0.0000],
         [11.6789, -4.8376,  0.0000]]])
actions tensor([[0.0000e+00, 0.0000e+00, 6.0606e-01, 0.0000e+00],
        [1.5152e+00, 1.3195e-14, 6.0606e-01, 0.0000e+00],
        [1.5152e+00, 1.3195e-14, 1.2121e+00, 0.0000e+00],
        [3.0303e+00, 2.6390e-14, 1.2121e+00, 0.0000e+00],
        [3.0303e+00, 2.6390e-14, 1.8182e+00, 0.0000e+00],
        [4.5455e+00, 3.9586e-14, 1.8182e+00, 0.0000e+00],
        [6.0606e+00, 5.2781e-14, 1.8182e+00, 0.0000e+00],
        [6.0606e+00, 5.2781e-14, 2.4242e+00, 0.0000e+00]])
5
pred_actions tensor([[[ 3.3000,  0.0000,  0.0000],
         [ 6.6000,  0.0000,  0.0000],
         [ 9.9000,  0.0000,  0.0000],
         [13.2000,  0.0000,  0.0000],
         [16.5000,  0.0000,  0.0000],
         [19.8000,  0.0000,  0.0000],
         [23.1000,  0.0000,  0.0000],
         [26.4000,  0.0000,  0.0000]],

        [[ 3.3000,  0.0000,  0.0000],
         [ 3.3000,  0.0000,  2.0000],
         [ 6.6000,  0.0000,  2.0000],
         [ 6.6000,  0.0000,  4.0000],
         [ 9.9000,  0.0000,  4.0000],
         [ 9.9000,  0.0000,  6.0000],
         [13.2000,  0.0000,  6.0000],
         [13.2000,  0.0000,  8.0000]],

        [[ 3.3000,  0.0000,  0.0000],
         [ 3.3000,  0.0000, -2.0000],
         [ 6.6000,  0.0000, -2.0000],
         [ 6.6000,  0.0000, -4.0000],
         [ 9.9000,  0.0000, -4.0000],
         [ 9.9000,  0.0000, -6.0000],
         [13.2000,  0.0000, -6.0000],
         [13.2000,  0.0000, -8.0000]],

        [[ 3.3000,  0.0000,  0.0000],
         [ 3.3000,  0.0000,  0.0000],
         [ 6.4876,  0.8541,  0.0000],
         [ 6.4876,  0.8541,  0.0000],
         [ 9.3454,  2.5041,  0.0000],
         [ 9.3454,  2.5041,  0.0000],
         [11.6789,  4.8376,  0.0000],
         [11.6789,  4.8376,  0.0000]],

        [[ 3.3000,  0.0000,  0.0000],
         [ 3.3000,  0.0000,  0.0000],
         [ 6.4876, -0.8541,  0.0000],
         [ 6.4876, -0.8541,  0.0000],
         [ 9.3454, -2.5041,  0.0000],
         [ 9.3454, -2.5041,  0.0000],
         [11.6789, -4.8376,  0.0000],
         [11.6789, -4.8376,  0.0000]]])
actions tensor([[ 1.5152e+00, -6.1234e-15,  0.0000e+00,  0.0000e+00],
        [ 3.0303e+00, -1.2247e-14,  0.0000e+00,  0.0000e+00],
        [ 4.5455e+00, -1.8362e-14,  0.0000e+00,  0.0000e+00],
        [ 6.0606e+00, -2.4494e-14,  0.0000e+00,  0.0000e+00],
        [ 7.5758e+00, -3.0609e-14,  0.0000e+00,  0.0000e+00],
        [ 9.0909e+00, -3.6724e-14,  0.0000e+00,  0.0000e+00],
        [ 1.0606e+01, -4.2872e-14,  0.0000e+00,  0.0000e+00],
        [ 1.0606e+01, -4.2872e-14,  0.0000e+00, -2.6180e-01]])
5
pred_actions tensor([[[ 3.3000,  0.0000,  0.0000],
         [ 6.6000,  0.0000,  0.0000],
         [ 9.9000,  0.0000,  0.0000],
         [13.2000,  0.0000,  0.0000],
         [16.5000,  0.0000,  0.0000],
         [19.8000,  0.0000,  0.0000],
         [23.1000,  0.0000,  0.0000],
         [26.4000,  0.0000,  0.0000]],

        [[ 3.3000,  0.0000,  0.0000],
         [ 3.3000,  0.0000,  2.0000],
         [ 6.6000,  0.0000,  2.0000],
         [ 6.6000,  0.0000,  4.0000],
         [ 9.9000,  0.0000,  4.0000],
         [ 9.9000,  0.0000,  6.0000],
         [13.2000,  0.0000,  6.0000],
         [13.2000,  0.0000,  8.0000]],

        [[ 3.3000,  0.0000,  0.0000],
         [ 3.3000,  0.0000, -2.0000],
         [ 6.6000,  0.0000, -2.0000],
         [ 6.6000,  0.0000, -4.0000],
         [ 9.9000,  0.0000, -4.0000],
         [ 9.9000,  0.0000, -6.0000],
         [13.2000,  0.0000, -6.0000],
         [13.2000,  0.0000, -8.0000]],

        [[ 3.3000,  0.0000,  0.0000],
         [ 3.3000,  0.0000,  0.0000],
         [ 6.4876,  0.8541,  0.0000],
         [ 6.4876,  0.8541,  0.0000],
         [ 9.3454,  2.5041,  0.0000],
         [ 9.3454,  2.5041,  0.0000],
         [11.6789,  4.8376,  0.0000],
         [11.6789,  4.8376,  0.0000]],

        [[ 3.3000,  0.0000,  0.0000],
         [ 3.3000,  0.0000,  0.0000],
         [ 6.4876, -0.8541,  0.0000],
         [ 6.4876, -0.8541,  0.0000],
         [ 9.3454, -2.5041,  0.0000],
         [ 9.3454, -2.5041,  0.0000],
         [11.6789, -4.8376,  0.0000],
         [11.6789, -4.8376,  0.0000]]])
actions tensor([[0.0000e+00, 0.0000e+00, 6.0606e-01, 0.0000e+00],
        [1.5152e+00, 1.7687e-15, 6.0606e-01, 0.0000e+00],
        [3.0303e+00, 3.5374e-15, 6.0606e-01, 0.0000e+00],
        [3.0303e+00, 3.5374e-15, 1.2121e+00, 0.0000e+00],
        [4.5455e+00, 6.3153e-15, 1.2121e+00, 0.0000e+00],
        [4.5455e+00, 6.3153e-15, 1.8182e+00, 0.0000e+00],
        [6.0606e+00, 8.9587e-15, 1.8182e+00, 0.0000e+00],
        [7.5758e+00, 1.1871e-14, 1.8182e+00, 0.0000e+00]])
5
pred_actions tensor([[[ 3.3000,  0.0000,  0.0000],
         [ 6.6000,  0.0000,  0.0000],
         [ 9.9000,  0.0000,  0.0000],
         [13.2000,  0.0000,  0.0000],
         [16.5000,  0.0000,  0.0000],
         [19.8000,  0.0000,  0.0000],
         [23.1000,  0.0000,  0.0000],
         [26.4000,  0.0000,  0.0000]],

        [[ 3.3000,  0.0000,  0.0000],
         [ 3.3000,  0.0000,  2.0000],
         [ 6.6000,  0.0000,  2.0000],
         [ 6.6000,  0.0000,  4.0000],
         [ 9.9000,  0.0000,  4.0000],
         [ 9.9000,  0.0000,  6.0000],
         [13.2000,  0.0000,  6.0000],
         [13.2000,  0.0000,  8.0000]],

        [[ 3.3000,  0.0000,  0.0000],
         [ 3.3000,  0.0000, -2.0000],
         [ 6.6000,  0.0000, -2.0000],
         [ 6.6000,  0.0000, -4.0000],
         [ 9.9000,  0.0000, -4.0000],
         [ 9.9000,  0.0000, -6.0000],
         [13.2000,  0.0000, -6.0000],
         [13.2000,  0.0000, -8.0000]],

        [[ 3.3000,  0.0000,  0.0000],
         [ 3.3000,  0.0000,  0.0000],
         [ 6.4876,  0.8541,  0.0000],
         [ 6.4876,  0.8541,  0.0000],
         [ 9.3454,  2.5041,  0.0000],
         [ 9.3454,  2.5041,  0.0000],
         [11.6789,  4.8376,  0.0000],
         [11.6789,  4.8376,  0.0000]],

        [[ 3.3000,  0.0000,  0.0000],
         [ 3.3000,  0.0000,  0.0000],
         [ 6.4876, -0.8541,  0.0000],
         [ 6.4876, -0.8541,  0.0000],
         [ 9.3454, -2.5041,  0.0000],
         [ 9.3454, -2.5041,  0.0000],
         [11.6789, -4.8376,  0.0000],
         [11.6789, -4.8376,  0.0000]]])
actions tensor([[1.5152e+00, 7.5058e-16, 0.0000e+00, 0.0000e+00],
        [3.0303e+00, 1.5012e-15, 0.0000e+00, 0.0000e+00],
        [4.5455e+00, 2.1172e-15, 0.0000e+00, 0.0000e+00],
        [6.0606e+00, 3.0023e-15, 0.0000e+00, 0.0000e+00],
        [7.5758e+00, 2.5955e-15, 0.0000e+00, 0.0000e+00],
        [9.0909e+00, 2.7269e-15, 0.0000e+00, 0.0000e+00],
        [1.0606e+01, 2.8583e-15, 0.0000e+00, 0.0000e+00],
        [1.2121e+01, 2.9898e-15, 0.0000e+00, 0.0000e+00]])
